0 0.19765625 0.3859375 0.32109375 0.24453125
0 0.128125 0.85078125 0.15625 0.10703125
0 0.15390625 0.7265625 0.15859375 0.13046875
0 0.24609375 0.81953125 0.14140625 0.0859375
0 0.290625 0.659375 0.18515625 0.103125
0 0.29609375 0.89609375 0.17890625 0.11953125
0 0.378125 0.1421875 0.29765625 0.22890625
0 0.471875 0.51015625 0.31484375 0.1265625
0 0.49609375 0.35625 0.31640625 0.20390625
0 0.40625 0.765625 0.11640625 0.11796875
0 0.425 0.85703125 0.14609375 0.1109375
0 0.69140625 0.128125 0.37109375 0.2109375
0 0.74375 0.8015625 0.29140625 0.1890625
0 0.77109375 0.503125 0.3 0.1359375
0 0.78359375 0.33125 0.2875 0.1984375