0 0.13125 0.171875 0.15859375 0.2671875
0 0.21640625 0.259375 0.1671875 0.075
0 0.2203125 0.21953125 0.1703125 0.0640625
0 0.2203125 0.14375 0.16484375 0.06796875
0 0.22734375 0.17890625 0.1640625 0.06796875
0 0.22265625 0.3171875 0.15 0.0921875
0 0.2453125 0.3953125 0.16015625 0.15234375
0 0.246875 0.503125 0.1578125 0.0953125
0 0.36484375 0.55234375 0.10390625 0.1640625
0 0.5171875 0.49609375 0.2125 0.16640625
0 0.50390625 0.69296875 0.1765625 0.16875
0 0.5015625 0.59296875 0.16640625 0.128125
0 0.515625 0.3671875 0.178125 0.1890625
0 0.6859375 0.68984375 0.2890625 0.30703125
0 0.7171875 0.56015625 0.30078125 0.19296875
0 0.9046875 0.7140625 0.0875 0.1390625
0 0.9703125 0.69375 0.0578125 0.0984375