0 0.53671875 0.7609375 0.1890625 0.23359375
0 0.059375 0.52109375 0.0953125 0.125
0 0.0765625 0.46953125 0.11640625 0.11484375
0 0.12265625 0.41640625 0.1625 0.15859375
0 0.13828125 0.553125 0.1203125 0.140625
0 0.1765625 0.534375 0.09296875 0.12578125
0 0.23203125 0.46484375 0.18046875 0.171875
0 0.2421875 0.63203125 0.1171875 0.12109375
0 0.2828125 0.5984375 0.1421875 0.146875
0 0.35859375 0.53046875 0.1984375 0.19921875
0 0.3609375 0.703125 0.14375 0.16015625
0 0.44453125 0.6546875 0.1921875 0.21484375