0 0.096875 0.703125 0.19375 0.171875
0 0.38359375 0.74453125 0.2984375 0.15859375
0 0.43046875 0.5484375 0.1828125 0.26953125
0 0.54140625 0.47734375 0.19453125 0.1703125
0 0.5640625 0.78203125 0.11875 0.178125
0 0.6609375 0.5046875 0.078125 0.1078125
0 0.76015625 0.6203125 0.2234375 0.2875
0 0.7234375 0.7796875 0.1484375 0.1640625
0 0.7171875 0.684375 0.034375 0.01171875
0 0.86171875 0.74140625 0.11328125 0.13671875
0 0.95 0.75859375 0.0984375 0.1421875
0 0.96015625 0.62734375 0.07734375 0.1421875