0 0.19609375 0.57890625 0.1 0.0484375
0 0.2265625 0.63203125 0.10859375 0.053125
0 0.25546875 0.70390625 0.1203125 0.07890625
0 0.25 0.54296875 0.084375 0.04375
0 0.2875 0.78125 0.14609375 0.09296875
0 0.36328125 0.90703125 0.178125 0.125
0 0.36328125 0.53046875 0.0828125 0.025
0 0.37109375 0.55859375 0.09609375 0.0421875
0 0.3734375 0.5875 0.1 0.02734375
0 0.4375 0.65546875 0.11953125 0.06015625
0 0.440625 0.73984375 0.0671875 0.06015625
0 0.478125 0.7046875 0.13203125 0.08046875
0 0.4828125 0.57109375 0.09296875 0.040625
0 0.55234375 0.9765625 0.17109375 0.0453125
0 0.5453125 0.81640625 0.1515625 0.075
0 0.55 0.77109375 0.15390625 0.0921875
0 0.55 0.62734375 0.11015625 0.05703125
0 0.6359375 0.7203125 0.13046875 0.07109375
0 0.746875 0.95703125 0.1796875 0.08359375
0 0.77421875 0.8484375 0.1640625 0.11328125