0 0.01875 0.56328125 0.03671875 0.0703125
0 0.01875 0.63359375 0.03671875 0.05859375
0 0.01875 0.484375 0.0375 0.090625
0 0.1421875 0.403125 0.04921875 0.02109375
0 0.140625 0.365625 0.0421875 0.02265625
0 0.14453125 0.38203125 0.04921875 0.02109375
0 0.14140625 0.35 0.0296875 0.01171875
0 0.19375 0.3890625 0.0703125 0.06171875
0 0.25234375 0.6078125 0.0796875 0.09296875
0 0.25703125 0.40625 0.0515625 0.02421875
0 0.50390625 0.37734375 0.0671875 0.06015625
0 0.540625 0.58515625 0.065625 0.103125
0 0.74765625 0.56796875 0.1203125 0.0984375